0
1
0
0
1
0
0
0
1
4
6
6
6
0
9
18
25
21
23
79
34
57
137
193
283
224
418
345
310
232
482
502
486
353
323
1138
1117
1076
1146
1222
852
926
1661
2210
1930
1781
1089
1442
1261
1832
3058
2105
3257
2917
2055
1927
2498
2678
3735
3503
5514
3379
4613
5385
6276
7218
5919
5097
4751
6633
6935
10503
9888
10222
10611
6760
5632
9258
11385
13944
15305
14919
7938
13140
17408
19951
18508
20803
16508
15813
11687
16324
20599
26417
26928
33274
15760
12247
28936
28633
30925
30830
27075
18912
15654
32091
32913
30412
25982
21704
17110
20647
34918
32188
22765
54771
34666
17459
21432
39436
42725
39483
46860
38693
30476
24052
33846
46712
48105
42223
37923
26051
20229
45305
44571
42619
45048
39023
24831
20286
41857
39924
45403
34177
28532
23529
20257
41008
67860
59961
55891
51147
24578
23284
40816
69074
57837
52383
45392
25800
16641
51603
55676
54615
50230
49970
23010
22048
52160
55155
60091
50644
41576
23101
19373
47784
49298
45323
30355
50032
23421
17078
47134
47161
44235
43412
41350
16158
45961
42659
46934
43773
51194
30168
14521
