0
0
0
0
0
0
0
0
0
0
0
0
0
0
0
0
0
0
0
0
0
1
3
2
5
7
7
9
12
11
20
15
22
22
23
42
40
58
60
73
54
67
114
133
141
115
68
99
105
204
204
188
217
206
115
113
166
165
407
357
346
189
338
474
449
435
428
395
301
296
600
614
611
749
732
496
396
881
749
844
824
816
485
674
1179
888
1188
999
967
653
807
1039
1086
1156
1124
956
480
623
1262
1349
1473
1005
904
525
679
1272
1274
1239
909
892
612
627
1282
1269
1238
1206
1022
641
654
1374
1185
1141
990
1109
552
692
1280
1038
1252
1290
1091
602
620
1254
1223
1220
1214
1071
631
733
1300
1233
1322
1163
921
716
632
1367
1284
1311
1156
1211
555
614
921
1595
1129
1212
1088
541
561
1154
1421
1253
1079
905
572
703
1274
1175
1262
1060
709
620
684
1352
1212
1204
1054
892
494
565
1271
1085
984
855
958
366
553
1215
1184
834
907
682
447
